1.508062871337755961e+00 -2.302437868001463439e-01
-1.079943384811806073e+00 -3.349664992466041546e-01
2.572991480590445690e+00 7.953098153821080984e-02
1.516829073853138476e+00 4.191868760856509724e-01
-2.106543339580513319e+00 -6.789346076255580176e-01
2.131492062989494229e+00 1.475244763694932626e+00
-7.760963569287651076e-01 5.001891802079234672e-01
-1.536300223311083402e+00 -7.672433589502787310e-01
-2.285390809529672218e+00 5.117030314191692852e-01
-2.302674699270349290e+00 -2.601219541673636115e-01
